0 0.3528733253479004 0.5923672993977864 0.009852886199951172 0.029359605577256944
0 0.6218105316162109 0.6707489013671875 0.009413337707519532 0.030383131239149305
0 0.39768276214599607 0.5307672288682725 0.009426403045654296 0.02951541476779514
0 0.3773231029510498 0.5301436530219183 0.010064125061035156 0.029835340711805554
0 0.37161664962768554 0.6256233215332031 0.009829139709472657 0.02979770236545139
0 0.350804877281189 0.6248575846354166 0.010261154174804688 0.029926554361979166
0 0.559445571899414 0.6679481506347656 0.009090995788574219 0.030599297417534723
0 0.3553211212158203 0.5597924126519097 0.009818458557128906 0.029779900444878472
0 0.3698273658752441 0.6594773610432942 0.010117340087890624 0.029740651448567707
0 0.596454381942749 0.5414631737603082 0.009780216217041015 0.029892985026041666
0 0.6147830963134766 0.51236572265625 0.009155845642089844 0.03032294379340278
0 0.41795787811279295 0.531661860148112 0.00964040756225586 0.029645453559027778
0 0.4978045463562012 0.5360674116346571 0.008206558227539063 0.028501468234592015
0 0.5174063682556153 0.537094963921441 0.008855819702148438 0.02846137152777778
0 0.6206459045410156 0.6380104912651909 0.009743881225585938 0.03015831841362847
0 0.41669836044311526 0.563441891140408 0.009277915954589844 0.029894849989149305
0 0.517395305633545 0.6660446166992188 0.00883941650390625 0.03108189900716146
0 0.616099214553833 0.5426116095648872 0.008979511260986329 0.027829149034288195
0 0.5978603363037109 0.5722003089057075 0.009385299682617188 0.029621548122829862
0 0.5765852928161621 0.5404621124267578 0.00966033935546875 0.02977998521592882
0 0.3959930419921875 0.5619927300347223 0.009849071502685547 0.029830763075086805
0 0.37386431694030764 0.5923336876763238 0.009795475006103515 0.028479766845703126
0 0.4966078758239746 0.6651396009657118 0.008718299865722656 0.031260511610243055
0 0.4150378227233887 0.5951456705729167 0.009778404235839843 0.029830423990885417
0 0.45478239059448244 0.6634991115993923 0.009799575805664063 0.03149583604600695
0 0.6174100875854492 0.5737058851453993 0.00970306396484375 0.029812452528211804
0 0.5785614013671875 0.602842288547092 0.0087799072265625 0.03013882107204861
0 0.6132454872131348 0.4829877217610677 0.009667587280273438 0.02880486382378472
0 0.49840717315673827 0.31540849473741317 0.008194923400878906 0.02885920206705729
0 0.5988774299621582 0.603799565633138 0.009810638427734376 0.03080198499891493
0 0.3759732723236084 0.5610857645670573 0.010012149810791016 0.029394361707899306
0 0.45721893310546874 0.5332958645290798 0.00913543701171875 0.029912312825520832
0 0.5775550842285156 0.5711849636501736 0.009090995788574219 0.029871453179253472
0 0.5590452671051025 0.6346773359510633 0.009334373474121093 0.030434926350911457
0 0.43665084838867185 0.5641766866048177 0.009278297424316406 0.02971716986762153
0 0.5796337127685547 0.6354221767849393 0.00930614471435547 0.03042670355902778
0 0.43460521697998045 0.6285147772894966 0.009169673919677735 0.030939398871527777
0 0.5382536888122559 0.6669631110297309 0.008526992797851563 0.03069305419921875
0 0.49735097885131835 0.5997450086805556 0.008049392700195312 0.030225118001302082
0 0.43578691482543946 0.5958848317464193 0.009560203552246094 0.029878404405381944
0 0.39075984954833987 0.6612710316975912 0.00908966064453125 0.030273861355251737
0 0.5576146125793457 0.5704097323947482 0.009313201904296875 0.028259107801649305
0 0.39300193786621096 0.6260697258843316 0.010483360290527344 0.03140521579318577
0 0.357002329826355 0.5289719475640191 0.010132074356079102 0.030967373318142363
0 0.4377230167388916 0.5326154920789931 0.00954608917236328 0.02897703382703993
0 0.4776318550109863 0.5352760314941406 0.00821857452392578 0.02980160183376736
0 0.5582733154296875 0.6023150126139323 0.009370994567871094 0.029411146375868055
0 0.49772067070007325 0.567323727077908 0.007955169677734375 0.029714287651909723
0 0.4773244857788086 0.5660257551405165 0.008198356628417969 0.029701656765407987
0 0.47689018249511717 0.5981970045301649 0.008117103576660156 0.03012729220920139
0 0.5802590370178222 0.6691499498155382 0.009202861785888672 0.030622694227430556
0 0.517945671081543 0.5679378933376736 0.008526611328125 0.029852973090277776
0 0.41370577812194825 0.6277186075846354 0.010143756866455078 0.029657830132378472
0 0.3946084976196289 0.5941933949788412 0.010036182403564454 0.029732513427734374
0 0.6190347671508789 0.6050901201036242 0.009641933441162109 0.029838646782769096
0 0.611881160736084 0.4551930745442708 0.009546470642089844 0.02826758490668403
0 0.4759175777435303 0.6642656962076823 0.009129810333251952 0.031876627604166666
0 0.5568411827087403 0.5391674465603299 0.009627723693847656 0.02938452826605903
0 0.5174530506134033 0.5999201032850477 0.008408451080322265 0.028678978814019096
0 0.45715794563293455 0.564957258436415 0.009108161926269532 0.028857591417100696
0 0.5173952102661132 0.6324840121799045 0.008096694946289062 0.029777696397569445
0 0.4336112976074219 0.6617363823784722 0.008378982543945312 0.029473876953125
0 0.45662808418273926 0.5968900468614367 0.008802032470703125 0.02966885036892361
0 0.6001380920410156 0.6371365865071614 0.010086917877197265 0.03015068901909722
0 0.4128089904785156 0.661330329047309 0.009431076049804688 0.029822879367404513
0 0.5379600524902344 0.6006336636013455 0.009181404113769531 0.029912821451822915
0 0.5374174594879151 0.537825181749132 0.009012413024902344 0.029231092664930555
0 0.5380002021789551 0.6332950168185764 0.009369087219238282 0.029788292778862847
0 0.5375112533569336 0.5688993665907118 0.009266853332519531 0.029334004720052084
